3.086803e+00
8.826485e+00
9.335873e+00
9.812245e+00
1.037896e+01
1.283519e+01
1.311492e+01
1.357932e+01
1.431546e+01
1.709098e+01
1.733986e+01
1.782567e+01
1.831365e+01
2.206803e+01
2.572916e+01
2.965188e+01
3.311166e+01
3.360000e+01
6.359583e+01
7.826649e+01
8.112508e+01
8.211955e+01
8.371664e+01
8.437551e+01
8.488925e+01
8.780190e+01
8.841977e+01
8.965297e+01
1.166393e+02
1.182687e+02
1.195556e+02
1.207260e+02
1.216163e+02
1.220717e+02
1.225117e+02
1.234231e+02
1.246737e+02
1.250514e+02
1.254063e+02
1.257665e+02
1.261083e+02
1.271590e+02
1.301613e+02
1.307098e+02
1.320497e+02
1.339309e+02
1.364713e+02
1.409858e+02
1.440519e+02
1.443320e+02
1.447884e+02
1.485682e+02
1.513560e+02
1.522899e+02
1.536744e+02
1.548412e+02
1.560076e+02
1.566922e+02
1.594663e+02
1.597312e+02
1.611523e+02
1.634271e+02
1.654502e+02
1.663394e+02
1.668880e+02
1.670832e+02
1.677693e+02
1.700655e+02
1.707900e+02
1.714329e+02
1.717050e+02
1.723980e+02
1.737825e+02
1.744994e+02
1.774941e+02
1.782164e+02
1.788669e+02
1.798081e+02
1.809937e+02
1.814748e+02
1.821907e+02
1.845330e+02
1.847565e+02
1.852198e+02
1.859171e+02
1.873063e+02
1.884278e+02
1.891654e+02
1.896000e+02
1.900934e+02
1.947995e+02
1.971156e+02
2.324731e+02
2.354224e+02
2.412459e+02
