10
12
4
6
5
4
10
5
5
3
5
7
5
10
12
4
6
5
4
10
5
5
7
5
10
3
50
3
7
30
5
11
10
3
3
148
124
4
1
75
2
99
7
6
5
155
130
3
4
4
4
82
14
13
5
3
51
5
4
11
100
13
37
12
3
4
12
99
5
35
4
5
16
3
51
20
23
11
12
76
3
3
1
18
3
152
129
19
22
2
3
52
3
4
77
15
156
131
4
3
3
3
12
107
16
4
4
4
28
5
3
147
123
5
3
27
4
88
12
5
4
10
51
5
5
100
5
4
3
5
11
36
5
4
3
5
62
7
77
7
3
101
5
10
10
12
4
150
125
4
10
101
5
3
53
7
5
34
12
4
6
149
124
10
5
5
7
77
10
12
5
149
125
5
4
5
21
24
78
6
17
103
5
6
52
12
5
29
4
5
5
3
11
86
12
11
52
3
147
123
12
11
16
4
4
4
28
5
3
3
99
149
123
3
4
16
3
50
3
103
6
5
11
10
3
27
4
4
76
1
3
50
3
7
6
5
11
10
75
4
4
28
10
99
3
20
23
11
12
4
3
147
121
18
99
8
9
19
22
2
3
28
147
124
5
15
14
13
77
3
3
5
4
11
52
13
13
12
75
4
12
27
5
11
100
5
160
132
5
5
5
53
4
5
21
24
6
6
17
7
77
6
52
12
5
5
4
29
5
99
11
14
10
156
124
6
5
4
10
77
5
3
5
7
29
10
108
4
6
5
4
58
149
125
7
5
10
12
5
4
82
3
5
5
100
5
4
51
149
131
12
5
4
3
29
14
7
5
103
3
5
5
10
27
3
20
23
83
12
4
3
3
1
162
123
8
57
19
22
2
3
4
3
4
101
15
158
133
5
75
3
5
4
11
4
13
61
12
27
4
12
99
5
11
4
5
16
34
12
4
6
5
52
10
149
125
3
77
7
5
10
12
100
6
5
4
10
5
29
7
5
82
12
5
53
5
149
124
5
21
24
6
6
17
7
29
6
52
12
5
5
148
125
5
3
11
14
12
101
4
82
3
5
5
4
101
4
75
5
11
12
5
4
147
125
14
7
29
7
51
5
5
10
156
131
4
3
3
3
12
59
16
4
4
100
4
77
3
3
3
5
27
147
124
16
3
2
27
7
6
5
11
10
99
3
4
4
4
49
3
74
3
7
6
149
131
10
27
4
4
4
10
60
11
4
3
3
3
84
11
16
100
4
4
52
5
147
123
3
5
3
3
4
16
86
13
29
3
3
5
4
11
100
13
13
36
3
76
12
3
5
11
4
5
112
3
2
51
7
150
125
11
10
99
3
4
148
124
1
3
2
3
7
6
77
11
34
3
4
4
4
58
3
3
20
23
11
12
28
3
3
97
18
75
8
9
19
22
2
147
124
3
4
53
15
12
5
5
5
5
28
5
21
168
126
6
17
7
5
78
4
60
5
5
4
5
5
3
107
14
10
36
4
6
77
4
10
101
5
3
5
7
149
130
12
4
6
5
52
10
101
5
7
5
34
12
5
76
10
3
5
5
148
125
4
3
5
11
60
5
148
123
5
110
7
5
7
3
5
5
82
3
26
3
7
6
5
11
58
3
75
4
4
4
1
99
2
27
7
6
149
131
10
3
4
4
52
10
12
5
4
10
75
5
5
28
5
4
3
101
155
132
5
4
3
5
14
7
53
7
99
5
5
34
12
5
5
5
5
76
5
21
24
6
6
17
55
149
126
4
12
5
5
28
5
53
3
11
14
12
83
4
3
3
3
12
107
160
124
4
4
4
5
3
51
3
149
123
3
76
16
3
3
20
23
35
12
4
3
3
97
18
3
8
9
19
22
2
27
4
147
124
5
111
10
12
4
6
5
4
82
5
53
3
5
7
5
106
156
124
6
5
4
10
5
5
31
5
10
62
13
5
75
3
5
4
11
100
13
85
12
3
4
12
27
5
11
4
5
16
60
5
149
125
5
28
5
21
24
6
6
17
79
5
6
4
12
5
53
4
101
5
3
11
158
132
5
52
10
3
5
5
4
5
28
3
5
107
156
125
4
3
5
14
7
5
79
3
101
5
10
36
11
4
3
147
123
12
11
16
4
76
4
4
5
3
51
3
5
27
147
124
16
3
2
3
7
6
53
11
106
3
3
4
76
4
145
123
2
3
7
6
5
11
106
3
4
28
4
10
86
13
5
51
3
5
4
11
4
13
37
12
147
124
12
3
5
107
4
77
16
3
3
20
23
11
12
4
51
3
97
18
147
128
9
19
22
2
3
4
3
4
53
15
82
12
4
6
5
28
10
101
5
3
5
7
5
58
12
4
6
5
76
10
29
5
7
5
154
123
3
20
23
35
12
4
3
3
1
18
75
8
57
19
22
2
3
4
99
4
5
15
158
133
5
51
3
5
4
11
4
157
133
12
3
100
12
3
5
11
28
5
88
12
11
28
3
3
3
12
83
16
4
4
4
100
5
51
3
3
5
3
3
148
136
3
74
3
7
6
5
11
106
3
3
28
148
124
1
3
2
3
55
6
149
131
10
3
4
4
4
82
12
5
4
10
99
5
5
28
5
4
3
5
59
12
101
4
147
125
14
7
5
7
3
77
5
58
12
5
5
5
29
4
5
21
24
6
6
161
127
5
6
100
12
5
5
4
29
5
51
11
14
82
12
4
6
5
100
10
5
53
3
5
7
5
10
156
124
6
5
28
10
5
5
79
149
130
12
11
4
3
3
3
60
11
112
4
4
4
4
29
3
3
75
5
3
51
4
16
14
13
5
147
123
5
4
11
100
13
85
12
3
4
12
27
5
83
4
5
16
10
60
4
6
5
4
10
29
5
3
101
151
125
10
12
4
30
5
4
10
5
5
7
77
10
147
123
20
23
11
12
52
3
3
97
18
3
8
9
19
22
2
75
4
3
4
5
111
147
122
3
7
6
29
11
10
3
3
52
4
28
1
3
2
3
7
6
53
11
82
3
4
100
4
10
12
5
148
130
3
5
5
4
29
4
3
5
59
156
125
4
3
77
14
7
5
7
3
101
5
10
84
5
5
5
5
148
125
21
24
6
6
113
7
53
6
4
12
29
5
4
5
5
75
11
14
12
155
124
3
3
3
12
35
16
100
4
4
52
5
3
3
3
5
75
3
4
16
12
101
149
125
5
4
29
21
24
6
6
17
7
5
54
4
12
5
149
124
5
101
3
11
14
3
75
20
23
11
36
4
3
3
1
18
3
56
9
19
22
74
3
4
3
4
29
159
132
5
4
10
3
5
5
100
5
4
3
53
11
36
5
4
99
5
14
7
5
7
51
5
149
130
14
13
5
3
75
5
28
11
4
13
13
12
147
124
12
51
5
11
100
5
16
3
2
3
79
6
5
11
10
27
3
76
4
4
97
3
2
3
7
6
53
11
10
3
148
124
4
10
10
108
4
78
5
4
34
5
5
3
5
151
125
10
60
4
6
5
4
10
77
5
7
5
10
108
5
52
10
3
5
5
4
29
4
147
125
11
60
5
4
3
149
134
7
5
79
3
5
5
10
3
27
20
23
11
12
4
3
99
1
90
3
8
9
19
22
2
27
4
51
4
5
15
3
2
3
103
150
125
11
10
3
3
28
4
148
121
3
2
75
7
6
5
11
10
3
52
4
100
10
12
35
4
3
3
3
12
11
112
4
148
124
4
53
3
3
3
5
3
75
4
16
14
13
53
147
123
5
4
11
4
13
109
12
75
4
12
3
5
35
4
77
16
10
12
28
6
5
4
10
53
5
3
5
7
5
106
12
148
126
5
4
10
29
5
7
5
154
132
5
77
5
5
52
5
21
24
6
6
17
7
101
6
4
84
5
5
100
5
5
3
11
14
12
53
4
10
147
125
5
28
5
4
3
5
59
12
101
4
3
5
14
79
5
7
3
5
29
154
123
2
3
7
6
5
11
58
3
3
148
124
4
1
99
2
3
79
6
5
35
10
3
4
4
4
154
132
11
76
3
3
27
12
11
16
4
4
100
4
53
3
3
3
5
99
3
4
16
12
29
5
5
5
4
53
21
24
6
6
161
127
5
78
4
12
53
5
4
5
5
147
131
14
86
13
5
3
3
5
28
11
4
13
13
108
3
52
12
3
5
11
4
77
16
3
27
20
23
11
12
100
3
147
121
18
3
8
81
19
22
2
3
4
147
124
5
15
10
12
4
102
5
4
34
5
53
3
5
7
5
10
36
4
6
5
148
130
5
77
7
5
10
12
53
5
5
101
4
5
21
24
54
6
17
7
5
6
148
132
5
5
28
5
77
3
11
14
3
98
3
7
6
5
11
34
3
3
52
4
4
73
3
146
123
7
6
5
11
10
3
100
148
124
10
10
12
4
30
5
100
10
5
5
3
5
7
53
10
12
76
6
101
4
10
5
5
55
5
10
12
5
4
34
3
149
125
4
5
76
3
5
107
12
5
4
3
5
158
127
5
7
3
53
5
10
36
11
76
3
3
3
12
35
16
4
4
100
4
149
123
3
3
5
3
3
4
88
14
13
53
3
27
5
4
11
4
109
13
12
3
4
60
3
5
11
4
77
16
147
123
20
23
11
12
4
3
51
1
42
3
152
129
19
22
2
3
4
3
4
5
87
12
5
101
149
125
4
5
21
24
6
6
41
7
5
6
76
12
5
5
4
5
101
3
11
62
14
85
5
3
147
125
4
11
4
13
61
12
3
4
12
99
5
11
4
5
40
12
11
4
99
147
123
12
11
88
4
4
4
4
5
51
3
3
5
27
3
4
16
12
53
4
106
3
5
29
4
5
4
3
77
11
156
125
4
3
5
14
7
29
7
3
5
5
106
3
3
20
23
59
12
4
75
3
145
138
3
8
9
19
22
2
3
4
27
4
149
135
3
2
99
7
6
53
11
10
3
3
4
4
76
1
3
2
51
7
30
5
11
10
147
124
4
76
10
10
12
4
6
5
100
10
29
5
3
53
7
5
10
12
148
126
5
76
10
5
5
7
101
10
14
13
5
75
3
5
4
155
124
13
13
12
99
4
12
51
5
35
4
5
16
154
132
4
6
5
4
10
29
5
75
5
7
5
10
108
4
54
5
4
10
5
77
7
5
34
3
2
3
7
150
125
11
10
3
3
100
4
52
1
3
98
3
7
6
5
11
154
123
4
4
76
10
3
3
20
23
59
12
28
3
3
1
18
75
8
9
19
22
2
3
4
99
4
5
63
12
35
4
3
3
3
12
155
136
4
76
4
4
29
3
3
3
5
3
3
100
160
132
5
5
5
5
52
5
21
24
102
6
17
7
5
6
4
36
5
77
4
5
5
147
131
14
12
5
52
10
75
5
5
4
5
4
3
101
11
36
5
4
3
5
14
55
149
127
3
5
5
10
51
2
75
7
6
5
11
106
3
3
4
4
148
121
3
2
27
7
54
5
11
10
75
4
4
4
10
147
123
20
23
11
12
4
3
99
1
42
3
8
9
19
22
2
3
76
3
148
125
15
12
59
4
3
99
3
12
11
16
4
4
28
4
101
3
147
123
5
3
3
4
16
84
5
52
10
3
5
5
28
5
4
3
5
11
60
5
4
99
5
158
127
5
7
75
5
5
10
10
12
28
6
5
4
10
53
5
75
5
7
5
10
36
148
126
5
4
10
5
5
7
101
10
14
157
125
3
3
29
4
107
4
13
13
12
75
4
12
51
5
11
4
5
112
12
5
5
5
53
4
5
21
24
6
6
89
7
29
6
148
132
5
5
4
5
5
51
11
14
3
3
20
167
131
12
4
75
3
97
18
3
8
9
19
22
2
3
28
3
100
5
15
10
12
76
6
149
124
10
5
53
3
5
7
5
10
12
28
150
125
4
10
5
5
103
5
82
3
2
3
7
6
5
59
10
3
3
28
4
100
1
3
74
3
7
6
5
11
58
147
124
4
4
10
12
35
4
3
3
3
84
11
16
4
4
28
4
5
147
123
3
5
51
3
4
112
12
5
29
5
5
4
5
21
24
6
6
65
7
101
6
148
132
5
5
4
5
5
75
11
14
12
101
4
82
3
5
5
4
5
148
123
5
35
12
5
4
3
53
14
31
5
7
3
5
53
10
14
13
5
3
75
5
148
131
4
13
13
12
99
148
132
3
5
35
4
5
16
60
5
4
10
3
5
101
4
5
76
3
5
11
12
5
52
147
125
14
7
77
7
3
5
5
10
12
101
5
5
29
4
5
21
24
6
150
137
7
101
6
4
12
5
29
4
77
5
3
11
14
3
3
20
23
59
12
148
123
3
73
18
3
8
9
19
22
26
3
4
3
4
5
63
14
13
101
3
75
5
4
11
148
133
13
12
51
4
12
3
5
35
4
5
16
10
108
4
6
5
4
34
5
5
75
5
55
5
10
12
148
126
5
4
10
5
5
103
149
130
12
11
4
3
3
51
12
11
88
4
28
4
4
5
99
3
3
5
3
51
4
16
3
2
27
7
6
5
11
106
3
3
76
4
148
121
3
2
99
7
6
5
11
10
3
76
4
4
34
156
131
4
3
3
3
60
11
16
4
4
4
76
5
3
27
3
5
3
3
100
160
134
13
5
51
3
5
4
11
76
13
13
60
3
4
12
3
5
11
28
5
16
108
149
125
5
5
4
5
21
24
6
6
89
151
125
6
4
12
5
101
4
5
5
3
35
14
60
5
4
10
3
77
149
124
5
4
3
5
35
12
5
4
3
53
14
103
5
7
3
5
5
10
75
3
20
167
131
12
4
3
3
97
18
51
8
9
19
22
2
3
4
3
28
5
111
3
2
3
7
6
53
11
10
75
147
124
4
4
1
27
2
3
7
6
77
11
10
3
4
4
28
10
10
60
148
126
5
4
10
5
101
3
5
7
5
10
60
4
6
29
148
130
5
5
7
5
10
75
3
20
23
11
12
4
99
3
49
18
3
8
9
19
22
26
3
4
3
148
125
15
110
13
5
75
3
5
4
11
4
157
133
12
99
4
12
51
5
11
4
5
16
36
5
5
5
77
4
53
21
24
6
6
17
7
29
6
4
12
5
149
124
5
5
3
107
14
10
84
4
30
5
4
10
149
125
3
5
7
5
10
84
4
54
5
4
106
5
5
7
5
154
132
5
4
10
3
101
5
4
53
4
75
5
11
12
5
28
3
5
86
7
5
7
3
53
5
10
12
11
4
99
3
3
36
11
16
148
124
4
4
5
3
75
3
53
3
3
28
16
3
2
3
7
150
125
11
10
99
3
4
4
4
1
3
2
3
7
6
5
11
10
3
4
4
4
10
