12
10
5
5
10
4
5
6
5
4
7
5
3
12
10
5
5
10
4
5
6
5
4
7
10
5
5
84
149
125
12
5
7
3
52
17
6
6
21
24
6
5
29
5
101
4
4
5
11
14
27
3
10
100
4
83
5
6
7
3
2
147
124
1
51
3
10
28
4
11
5
6
7
51
148
122
10
12
10
5
77
10
4
5
6
101
4
7
5
147
132
10
29
5
10
4
5
54
5
76
7
10
10
3
5
5
100
5
4
10
27
5
5
52
156
132
5
4
3
5
79
5
14
7
5
99
5
11
3
147
123
4
84
11
3
29
4
4
16
3
3
3
52
12
107
3
5
4
4
64
3
76
5
3
11
4
5
109
13
36
12
3
4
149
123
11
4
5
13
14
40
20
23
3
3
147
121
3
4
108
11
90
3
19
22
2
3
4
53
4
3
9
80
15
147
124
5
3
11
4
5
13
61
12
12
27
4
5
3
107
4
29
13
14
16
3
3
10
100
148
131
5
6
7
75
2
3
4
1
3
51
10
4
100
11
53
6
7
3
76
2
10
12
154
125
5
10
4
5
6
29
4
151
125
3
60
10
5
5
10
4
101
6
5
4
7
34
10
75
5
5
100
5
4
10
147
125
5
4
12
12
77
4
3
5
7
29
14
7
5
51
5
83
3
3
3
4
36
11
51
5
4
4
112
3
3
3
148
132
11
3
5
4
4
64
20
23
3
3
27
1
3
4
84
11
114
3
19
22
2
3
148
125
4
3
9
8
15
53
5
156
125
5
12
5
7
75
4
113
6
6
21
24
30
5
5
5
53
4
4
5
11
110
3
3
3
4
84
11
3
5
4
28
16
147
123
3
100
12
11
3
149
124
4
16
12
10
5
29
10
76
5
6
53
4
7
5
3
12
154
125
5
10
52
5
6
77
4
7
10
20
23
3
3
27
1
3
100
12
59
18
3
19
22
2
27
4
5
4
3
153
128
15
5
101
12
5
5
12
5
79
3
100
17
6
6
21
24
6
53
149
125
5
4
4
5
11
14
34
3
5
77
4
5
4
10
51
5
29
4
156
132
5
4
3
5
7
101
14
7
77
3
5
35
3
4
5
3
11
4
77
157
133
12
12
51
4
5
3
11
4
101
13
14
16
147
123
10
4
4
83
5
6
55
3
26
3
4
1
3
99
10
4
28
11
5
6
7
51
4
2
10
20
23
3
3
75
1
147
124
12
107
18
3
19
22
2
3
4
29
4
3
9
8
63
5
101
12
5
5
12
5
79
3
148
137
6
6
21
24
102
5
5
53
5
4
4
5
11
86
12
34
5
5
10
148
125
6
5
4
7
5
51
12
10
29
5
106
4
5
6
5
76
7
10
3
4
149
123
11
100
5
13
37
12
12
3
4
5
147
131
4
5
85
14
64
10
3
5
5
4
29
4
154
123
5
5
4
12
12
53
4
75
5
7
5
14
103
5
51
5
11
3
3
3
148
132
11
3
101
4
4
16
3
75
3
28
12
11
99
5
4
4
16
3
75
10
4
4
11
53
6
31
3
146
123
4
1
3
3
10
52
4
35
5
6
7
3
76
2
10
10
3
149
125
4
5
100
10
147
125
5
4
36
12
5
4
3
5
7
53
14
7
77
3
101
11
3
3
10
52
4
11
5
6
7
99
146
123
4
1
27
3
10
4
4
11
77
6
7
3
4
50
154
132
10
5
5
10
4
77
6
5
28
7
101
3
12
10
29
5
10
4
5
6
149
124
7
10
101
5
12
77
5
12
53
7
3
4
17
6
6
21
24
78
5
29
5
5
4
4
53
155
134
3
4
5
3
11
100
5
13
13
12
36
3
100
5
3
11
4
5
61
14
16
75
3
147
124
12
11
99
5
4
4
16
147
123
3
76
12
11
3
5
28
4
16
20
23
3
3
3
49
3
4
36
11
66
3
19
22
2
3
4
77
4
3
9
8
159
123
3
10
100
4
59
5
6
7
3
2
3
100
1
27
3
10
76
4
11
5
6
151
123
4
2
34
10
3
5
5
4
77
4
106
3
5
53
4
12
12
5
148
123
5
7
5
14
31
5
75
5
11
20
23
3
3
3
49
3
4
108
155
138
3
19
22
2
3
4
101
4
3
33
8
15
5
5
12
149
125
12
5
79
3
4
17
54
6
21
24
6
5
5
77
5
28
4
149
131
14
12
10
5
5
10
100
5
6
53
4
7
77
3
12
34
5
5
10
148
125
6
5
4
7
58
3
99
3
4
12
11
3
5
28
4
16
147
123
3
4
60
11
3
101
4
4
88
3
4
5
3
11
4
101
13
61
12
156
123
4
5
3
11
4
77
13
38
16
5
5
12
101
5
12
5
7
27
4
17
6
6
21
24
54
5
77
5
149
124
4
5
11
14
10
3
101
5
4
29
4
10
3
77
5
4
12
156
125
4
51
5
151
125
14
7
5
3
29
11
3
52
5
3
11
4
5
85
13
12
12
3
100
5
3
155
124
5
13
62
16
12
34
5
5
106
4
5
6
77
4
7
5
3
12
154
125
5
82
4
5
6
5
52
7
10
20
23
3
27
3
1
3
4
108
11
66
3
19
22
2
27
4
5
4
3
9
152
135
3
99
10
4
76
11
5
6
7
3
98
3
52
1
3
3
10
4
28
11
5
78
7
3
4
2
154
123
3
3
4
108
155
123
5
4
4
16
75
3
27
4
12
11
51
5
4
4
16
20
23
3
27
3
1
3
4
108
11
66
3
19
22
2
3
4
5
76
3
153
128
15
5
77
12
5
29
12
5
7
3
4
113
6
6
21
168
126
5
5
53
5
4
4
5
11
14
75
4
5
51
11
100
5
13
13
12
12
147
124
5
27
11
4
77
13
14
16
12
10
149
125
10
52
5
6
5
4
31
5
3
12
106
5
29
10
4
5
6
77
4
7
10
3
3
106
4
4
155
125
6
7
51
2
3
28
1
3
75
10
4
4
107
5
6
7
3
4
146
130
10
51
5
5
4
5
28
10
147
125
5
4
12
12
77
4
51
5
7
5
14
7
5
99
149
131
3
3
51
4
12
11
3
5
4
100
16
3
27
3
76
12
11
3
5
4
4
40
10
99
5
5
4
149
124
10
51
5
5
4
12
84
5
4
3
5
103
5
14
7
5
27
5
11
77
5
12
53
5
156
125
7
3
4
17
6
6
21
24
30
5
5
5
53
4
4
77
11
158
132
10
5
101
10
4
5
6
5
4
79
5
99
12
154
125
5
10
4
5
6
29
4
7
10
20
23
3
51
147
121
3
4
84
11
18
3
19
22
2
3
100
5
4
51
9
8
39
3
3
3
4
12
155
123
5
4
28
16
3
3
51
4
84
11
3
5
4
100
16
3
4
5
147
131
4
5
109
13
12
12
3
52
5
27
11
4
77
13
14
16
51
3
10
4
4
83
5
6
7
147
122
3
4
1
3
27
10
4
4
107
5
6
31
3
4
50
10
12
82
5
5
10
4
5
102
149
124
7
5
3
12
10
5
29
10
52
5
6
101
4
7
10
20
23
3
3
147
121
3
4
84
11
18
99
19
22
2
3
4
5
4
27
9
56
15
147
124
5
3
11
4
5
85
13
60
12
3
4
5
3
155
124
5
109
14
16
5
5
36
5
5
12
77
7
99
4
17
6
6
21
24
54
5
5
5
5
4
76
5
11
38
3
3
10
148
124
11
29
6
7
99
2
3
148
121
3
3
10
4
4
59
5
6
7
3
76
2
58
3
3
27
4
12
11
3
77
4
4
16
3
3
99
4
156
131
3
5
52
4
16
10
3
5
29
4
149
124
10
75
5
5
4
12
108
5
4
75
5
7
5
14
7
101
3
5
11
147
123
3
4
36
11
3
53
4
4
112
3
3
3
4
12
11
27
5
4
4
88
20
23
3
3
51
1
147
124
12
11
90
3
19
22
2
3
28
5
4
3
9
8
63
3
3
106
4
4
11
5
150
127
3
2
75
4
1
3
3
58
148
124
11
5
30
7
3
4
98
10
12
10
5
149
130
4
5
30
5
4
7
5
3
60
10
5
5
82
4
5
102
5
28
7
10
5
5
60
5
5
108
5
7
3
4
17
6
78
21
24
150
125
5
5
5
4
28
5
11
14
75
4
5
99
11
4
53
13
13
12
12
3
148
125
3
35
4
5
61
14
16
10
3
5
5
76
5
4
106
147
125
5
4
12
12
101
4
3
5
7
5
38
7
5
51
5
11
12
82
149
125
10
4
5
6
53
4
7
5
3
12
82
5
29
10
148
125
6
5
4
7
10
99
4
5
3
11
76
5
13
13
36
12
147
124
5
99
11
4
5
13
62
16
10
3
149
125
4
53
4
10
3
5
5
4
108
12
29
4
3
77
7
5
14
7
149
123
5
11
5
5
84
5
29
12
5
103
3
4
17
6
6
21
24
54
5
5
5
5
76
4
29
11
14
20
23
3
3
147
121
3
52
12
11
114
3
19
22
2
3
4
5
76
147
129
8
15
3
3
58
4
4
11
5
6
103
3
2
27
4
73
3
3
10
4
4
11
101
6
7
27
4
146
130
3
3
51
4
12
11
147
125
4
4
16
3
27
3
4
12
11
99
5
76
4
16
60
10
5
5
10
148
125
6
5
4
7
53
3
12
10
77
5
10
100
5
6
29
4
7
58
3
4
5
3
83
4
5
13
13
12
108
3
4
29
147
131
4
5
13
38
16
5
5
12
5
77
12
5
7
3
52
17
102
6
21
24
6
5
149
125
5
76
4
5
11
14
27
3
3
4
12
11
99
5
4
52
160
123
3
3
4
12
59
3
5
4
4
16
75
3
10
100
4
155
125
6
7
27
2
3
4
1
3
147
130
4
100
11
5
78
7
3
4
2
10
20
23
27
3
3
1
3
52
12
11
162
123
19
22
2
75
4
5
52
3
9
8
15
10
27
5
5
4
5
100
10
3
29
5
52
12
12
5
4
99
5
151
125
14
7
5
3
5
83
12
10
53
5
10
4
5
150
125
4
7
77
3
108
10
5
5
10
4
5
30
5
52
7
10
3
3
10
100
148
131
5
6
7
3
26
3
76
1
3
147
130
4
4
11
5
102
7
3
4
2
58
3
3
3
4
84
11
27
5
4
4
16
3
75
3
4
60
11
27
5
4
4
112
10
3
5
5
148
125
4
10
75
5
5
4
12
156
125
4
51
5
7
101
14
7
5
3
5
35
20
23
3
3
3
1
51
4
12
11
42
3
19
22
74
3
4
5
4
99
153
128
15
3
4
5
3
11
76
5
109
13
12
60
3
4
5
3
11
28
5
13
158
136
5
77
12
5
5
12
101
7
3
4
17
150
126
21
24
6
5
5
29
5
52
4
5
11
14
20
23
27
147
123
1
3
4
12
83
18
3
19
22
2
3
52
5
100
3
9
8
15
3
4
53
3
107
4
5
85
13
12
12
3
4
5
27
11
148
125
13
14
112
3
3
3
4
12
59
3
149
124
4
88
3
3
3
28
12
11
3
5
4
100
16
10
3
5
77
148
125
4
10
3
5
5
52
12
12
29
4
51
5
7
5
14
31
5
147
125
11
5
5
12
5
77
12
5
103
3
4
17
6
6
21
24
78
5
5
5
53
4
4
101
11
158
132
10
5
29
10
4
5
150
125
4
7
5
3
12
106
5
5
34
4
77
6
5
4
7
58
3
147
130
4
4
11
5
6
7
75
2
3
100
1
51
3
10
4
4
11
29
6
7
99
4
2
10
3
3
75
4
12
11
51
5
28
4
160
123
3
3
4
12
11
51
5
28
4
16
12
154
125
5
10
4
5
6
77
4
7
101
3
12
10
53
5
10
100
5
150
125
4
7
10
3
3
10
28
4
11
5
78
7
27
2
3
4
1
99
147
130
4
4
11
5
6
7
75
4
50
10
147
124
5
3
11
4
5
37
13
12
12
3
76
5
99
11
4
53
13
14
16
10
3
29
5
4
5
148
130
3
101
5
4
84
12
5
4
3
5
55
5
110
7
5
3
5
83
20
23
3
3
3
1
27
4
12
11
18
51
19
22
2
147
124
5
4
51
9
8
111
5
5
12
5
5
12
77
7
3
28
17
150
126
21
24
6
5
53
5
5
4
4
5
11
110
3
3
34
4
76
11
5
6
151
123
2
3
4
1
3
75
10
4
148
131
5
54
7
3
4
2
34
12
106
5
5
10
52
5
6
5
4
7
29
3
12
106
5
5
10
4
149
126
5
4
79
154
123
4
5
3
11
4
5
85
13
60
12
3
4
5
3
107
4
5
37
14
16
75
3
147
124
12
11
3
101
4
4
16
3
3
27
4
12
59
3
5
4
4
160
125
5
12
77
5
36
5
7
3
4
17
6
102
21
24
6
53
5
5
5
4
4
77
11
38
10
3
5
5
52
5
100
10
3
5
5
148
132
12
5
28
3
5
103
5
14
7
5
3
149
131
20
23
3
3
51
1
3
76
12
11
66
3
19
22
2
3
4
5
4
27
9
152
135
5
77
12
5
5
12
101
7
3
4
17
6
78
21
24
6
5
101
149
125
4
4
5
11
14
12
58
5
29
10
4
53
6
5
4
7
5
3
84
154
125
5
10
4
5
102
5
4
7
34
3
75
10
4
4
11
5
6
55
3
26
3
4
1
3
147
130
4
100
11
5
6
7
75
148
122
10
10
3
53
5
4
5
4
10
3
101
5
28
12
12
5
4
99
5
7
149
134
7
29
3
5
11
20
23
3
75
3
1
3
4
12
59
18
27
19
22
2
3
76
5
4
3
9
8
63
3
4
5
147
131
4
5
109
13
12
12
3
76
5
99
11
4
29
13
14
16
51
3
3
4
12
155
123
5
4
100
16
3
3
3
4
84
11
3
53
4
4
40
10
147
125
5
4
5
4
10
3
29
5
4
156
132
5
76
3
5
7
5
62
7
101
3
5
11
3
3
75
4
108
11
3
5
4
4
16
27
3
51
4
12
11
147
125
4
4
64
3
4
101
3
11
4
5
13
13
36
12
3
76
149
123
11
4
5
13
110
16
3
3
10
148
124
11
5
54
7
27
2
3
4
1
75
3
10
4
4
11
29
6
103
3
4
2
10
20
23
3
51
3
145
123
4
84
11
18
3
19
22
2
3
4
29
4
75
9
152
135
5
5
12
5
5
108
5
7
3
52
161
126
6
21
24
6
5
5
77
5
4
4
5
11
62
12
10
5
29
10
100
5
6
5
4
7
5
3
12
10
5
5
10
4
5
6
5
4
7
10
