2
14
13
11
9
7
6
5
6
18
16
14
13
11
9
8
9
21
19
18
16
14
13
11
9
7
6
4
2
6
9
6
67
9
12
10
9
48
12
21
19
203
171
14
12
10
9
100
5
128
5
7
9
7
40
10
74
10
12
16
17
9
198
164
6
10
13
111
17
18
139
17
75
18
22
25
209
180
22
23
20
18
141
15
13
11
10
39
6
103
8
5
68
10
13
10
4
3
4
99
193
161
7
9
11
9
42
13
139
16
18
19
21
19
80
16
107
12
11
10
11
40
7
6
4
7
11
131
2
5
190
160
9
8
133
10
71
17
16
14
12
41
9
7
191
169
9
5
97
5
9
5
2
1
2
128
2
5
71
5
22
204
175
17
46
10
15
17
18
17
18
113
22
58
22
20
22
111
20
17
15
18
15
72
15
203
170
14
139
6
10
6
69
6
7
9
11
41
11
12
14
13
14
140
18
205
176
23
117
23
21
19
18
16
138
13
14
12
197
164
7
104
14
11
68
10
9
10
13
43
13
15
13
22
82
18
17
15
13
135
10
18
13
103
9
41
13
10
6
191
161
8
130
10
13
10
114
18
19
16
14
71
14
16
18
16
204
174
21
26
52
19
21
18
112
202
169
18
14
9
14
140
14
13
14
6
9
68
7
19
49
16
14
12
197
165
11
147
21
19
80
16
14
13
107
26
24
23
21
50
18
16
14
12
73
9
7
11
14
104
4
7
135
202
169
16
12
14
11
47
19
23
21
23
19
114
18
140
14
198
166
9
7
6
4
7
6
65
4
7
42
7
3
139
13
11
10
8
6
36
6
204
172
15
106
11
10
9
72
22
20
18
17
15
44
11
10
132
6
5
3
6
10
99
191
163
12
10
8
17
74
20
50
17
15
13
12
10
8
100
5
4
67
7
8
7
194
165
12
134
12
16
48
8
12
8
4
16
107
12
11
133
7
192
162
19
18
16
14
12
11
72
11
147
21
19
80
16
14
12
11
195
162
6
4
7
11
38
2
14
13
104
9
193
161
5
68
18
16
14
13
42
9
8
133
21
19
18
16
107
13
11
9
7
6
128
2
6
40
6
98
4
5
7
9
194
164
10
12
11
12
76
16
110
19
21
22
21
19
141
16
200
167
11
12
72
9
7
36
9
12
9
25
22
85
206
173
13
18
20
22
144
22
23
25
30
25
116
25
22
54
20
142
22
18
13
18
51
18
17
18
10
13
72
7
103
14
205
172
19
15
17
14
19
22
57
24
26
146
210
176
19
17
15
14
12
72
9
7
103
9
6
7
10
14
72
3
37
5
6
10
195
165
11
103
18
17
15
13
11
10
132
6
15
103
6
5
6
10
37
3
64
3
191
158
6
10
6
2
6
133
14
13
14
197
168
9
76
18
21
112
21
18
19
16
14
44
11
133
7
6
4
2
68
4
1
2
6
9
37
4
189
159
6
7
99
7
9
135
9
11
13
15
16
18
50
21
19
80
16
107
12
11
10
11
133
7
6
4
7
197
162
3
38
10
194
162
15
10
19
17
15
107
12
10
8
7
67
3
126
3
5
7
5
7
70
10
8
41
200
170
7
10
7
99
9
13
11
9
18
13
145
20
18
47
14
13
104
9
8
68
5
6
8
9
8
9
135
199
166
13
17
18
9
75
9
129
9
8
9
12
11
43
14
12
21
19
110
202
169
12
10
9
17
12
102
8
195
167
9
5
35
5
7
129
9
12
9
26
22
86
21
112
14
19
21
208
176
22
24
26
31
26
148
26
22
55
21
81
22
19
14
19
114
19
18
19
10
14
41
5
203
171
14
136
10
9
8
9
21
19
79
202
169
12
11
43
24
22
21
19
17
109
14
12
72
9
7
5
9
12
133
190
162
11
16
76
16
12
14
11
16
112
23
21
23
19
52
18
140
14
12
11
9
7
99
4
7
130
3
66
7
11
7
207
173
19
16
45
9
14
16
18
16
18
81
21
212
176
19
21
18
112
16
14
18
14
40
14
140
14
13
76
6
9
6
3
7
10
132
7
15
41
19
203
170
14
12
103
8
7
5
3
64
3
5
7
5
38
8
103
8
10
14
15
7
10
131
7
6
193
164
11
10
104
12
200
168
14
16
49
19
21
23
24
23
21
143
18
78
14
13
45
12
11
9
7
11
107
11
130
5
6
8
9
70
9
11
13
197
168
15
17
18
20
83
23
145
20
18
109
14
13
12
13
11
9
39
6
195
168
9
3
15
75
11
10
8
192
160
6
142
17
15
106
11
10
9
10
53
20
18
141
15
13
11
10
8
68
5
3
6
10
99
6
9
13
42
9
204
168
21
20
80
16
14
137
11
9
8
99
5
6
8
9
8
9
42
199
166
13
17
18
9
106
9
7
11
41
11
14
13
14
78
14
147
21
205
173
16
14
12
11
19
14
42
10
104
14
11
69
6
7
9
7
11
138
197
157
5
4
5
9
8
102
10
195
172
16
14
12
10
9
69
5
14
9
36
4
129
9
5
2
1
95
190
157
5
9
5
55
20
22
19
17
12
79
19
20
19
20
146
24
122
24
22
24
20
22
81
17
20
48
12
203
174
17
16
141
8
12
8
4
8
73
16
15
140
13
15
104
16
20
23
21
23
206
176
18
16
46
13
104
9
8
6
4
8
6
65
4
39
11
8
127
6
5
6
10
9
196
166
10
49
17
15
13
11
103
8
6
15
72
192
160
6
10
6
3
126
3
5
3
6
10
37
5
9
12
134
9
17
74
21
205
172
16
14
105
10
9
7
67
4
5
7
9
7
9
103
12
134
12
16
17
9
43
9
192
164
13
11
9
18
44
21
82
18
16
14
13
11
195
163
6
129
6
8
102
8
9
11
13
11
13
79
18
9
137
9
97
8
11
16
15
16
13
46
197
171
20
23
21
23
144
21
80
16
15
13
197
164
8
6
4
8
37
3
4
8
11
101
7
19
79
15
200
167
10
9
134
22
21
19
17
15
14
106
14
26
24
53
21
19
110
15
14
43
10
9
131
10
14
10
21
17
205
171
14
71
14
202
172
16
17
19
21
26
52
19
21
17
19
140
14
79
14
9
107
16
14
13
14
5
40
5
3
126
3
5
99
5
6
8
10
8
196
167
14
15
79
18
20
18
48
15
106
11
10
9
10
132
6
5
3
6
10
68
2
187
157
4
6
5
6
131
9
101
9
197
168
14
16
18
50
18
16
14
13
73
9
8
9
7
130
4
2
6
9
99
7
19
204
171
14
12
42
10
11
85
21
205
173
16
14
13
14
26
117
23
83
19
18
16
14
12
11
40
7
135
14
11
37
10
9
10
13
12
13
77
13
22
113
18
203
170
13
11
10
18
13
134
9
41
13
196
161
5
6
8
6
10
106
10
147
20
21
18
16
11
16
80
206
173
20
21
23
28
147
21
23
20
52
18
78
20
16
11
16
111
16
15
16
8
197
163
5
8
136
17
15
17
13
77
12
110
20
24
53
24
20
22
112
17
15
13
12
10
70
7
5
8
7
128
191
163
12
8
54
19
21
18
16
73
16
18
19
18
19
145
23
28
54
21
23
112
21
18
16
19
202
166
16
18
109
15
140
7
11
7
5
39
12
17
77
17
13
15
12
203
175
24
22
24
20
115
19
17
46
13
198
165
8
7
67
8
7
4
5
8
12
132
2
5
9
100
5
14
133
17
202
169
12
10
40
7
5
4
64
1
2
4
5
4
98
7
9
131
9
13
14
5
195
160
22
19
51
17
15
10
15
79
19
48
19
20
146
27
22
206
177
19
20
17
15
19
108
10
15
79
15
14
15
7
196
162
6
18
16
107
13
11
71
8
40
21
20
18
16
138
13
198
168
25
23
21
20
18
16
76
13
104
9
8
6
9
44
9
7
11
138
19
18
81
16
204
169
19
23
26
24
26
23
55
21
112
18
16
138
12
11
9
7
11
9
37
7
197
169
11
64
5
4
5
9
132
9
10
9
17
16
107
12
10
40
7
5
200
164
5
128
5
9
5
2
63
2
4
2
5
9
98
189
170
14
12
103
8
7
6
7
19
79
15
14
12
10
133
10
22
20
50
17
15
107
198
165
8
7
5
3
131
10
7
7
11
41
11
76
13
14
16
14
23
21
143
204
171
14
12
104
19
14
11
10
11
76
11
7
6
7
40
7
73
14
11
99
5
6
8
9
194
164
11
13
11
13
139
17
49
20
21
23
21
206
173
16
107
13
12
44
11
9
8
6
9
137
9
66
3
4
6
8
131
8
9
11
10
197
168
15
16
49
20
114
20
18
16
15
13
11
72
11
195
163
6
4
39
11
8
98
9
12
10
9
79
12
21
19
17
140
14
12
10
9
69
5
128
5
7
40
7
9
10
12
196
167
16
17
9
12
102
7
6
193
164
11
10
73
12
14
137
14
16
49
19
21
23
24
116
21
19
18
16
14
75
14
12
135
9
100
11
14
197
179
21
22
19
17
12
48
19
21
19
21
146
24
91
24
22
24
21
115
19
48
21
17
12
203
174
17
16
17
9
12
40
3
7
72
8
131
15
10
19
203
170
14
12
10
8
7
98
3
188
158
5
7
129
7
8
72
8
10
14
15
7
10
100
2
45
13
197
164
7
6
5
6
18
47
14
13
11
9
132
9
21
19
80
16
107
13
11
133
7
6
4
2
6
71
6
6
9
13
111
16
204
169
16
44
18
21
25
209
180
21
23
51
18
16
14
13
11
133
8
6
102
8
5
6
9
13
71
23
19
114
18
47
11
16
18
19
18
19
83
209
183
23
21
23
19
21
142
16
50
16
11
16
18
140
201
171
7
11
7
67
8
12
10
8
110
12
20
19
17
46
13
12
10
194
162
5
66
5
7
8
7
8
134
12
10
105
16
48
8
12
8
126
1
2
4
5
4
98
7
9
69
9
11
13
14
202
172
19
48
16
14
74
10
9
8
9
7
98
4
2
5
195
160
3
6
5
130
10
71
10
11
10
18
48
201
168
11
10
8
6
15
10
130
5
99
10
6
65
2
3
5
3
192
165
6
7
11
134
11
107
13
14
16
14
54
21
19
18
16
14
136
11
19
14
73
10
104
14
11
7
6
38
195
162
11
14
11
4
109
14
12
11
9
38
6
69
19
18
16
14
12
197
165
11
147
21
19
49
16
14
12
11
9
7
99
4
193
166
7
6
72
13
18
17
18
15
141
13
18
115
25
54
25
22
209
175
18
17
15
13
11
134
8
6
10
8
67
192
165
13
10
24
20
22
112
17
12
79
19
51
19
20
22
24
153
24
22
55
20
22
19
17
206
172
12
17
112
17
16
17
8
12
132
3
6
5
68
10
9
134
11
10
80
17
15
44
11
10
8
192
170
10
6
5
6
10
99
3
2
65
191
158
6
10
6
4
38
11
9
131
16
11
19
18
16
14
105
11
9
69
192
159
3
4
6
7
6
131
9
11
102
11
15
16
7
11
38
21
18
19
78
14
40
14
16
142
16
18
19
21
26
114
205
176
18
19
16
14
142
14
9
14
16
14
75
14
192
164
6
6
5
99
8
10
40
10
11
137
12
13
15
17
18
20
53
23
22
20
111
17
77
13
12
13
197
165
8
68
10
13
10
7
10
200
174
17
112
15
17
138
19
22
26
24
26
53
24
21
19
17
139
200
167
10
9
100
10
9
6
7
10
45
10
5
9
12
72
9
48
12
21
81
17
16
14
12
196
164
7
129
4
5
7
9
100
9
10
12
196
167
16
17
9
12
102
7
19
142
16
14
74
11
10
42
23
21
19
18
16
200
168
14
26
117
23
21
81
18
16
138
12
11
9
7
11
14
42
4
194
166
16
46
16
13
15
11
140
20
23
21
23
20
114
18
16
15
75
11
40
8
6
4
8
68
189
159
8
11
8
96
15
13
11
10
8
130
5
6
49
17
15
13
11
196
164
10
22
144
18
79
15
13
11
10
8
6
98
3
130
10
6
6
10
195
165
13
12
44
15
13
84
20
18
110
15
13
197
165
18
13
10
9
10
137
10
6
67
6
8
6
10
13
103
2
1
33
4
129
4
5
7
9
7
195
166
13
76
16
17
19
17
16
45
12
103
9
8
9
193
160
4
33
5
9
5
7
11
107
19
18
81
16
18
138
19
23
26
24
26
23
55
21
205
173
16
14
136
11
9
69
11
9
6
7
11
14
104
2
1
64
4
37
5
6
7
9
101
9
11
13
14
202
173
19
18
140
14
106
11
9
8
9
7
6
35
2
68
9
192
160
8
12
17
15
17
13
139
198
172
20
24
22
24
113
22
19
17
77
13
136
10
8
7
5
8
7
35
5
101
12
8
3
2
3
36
192
160
6
8
10
8
134
12
76
15
17
204
175
18
17
15
13
11
10
71
10
101
6
5
3
6
41
6
4
7
130
7
42
10
11
12
11
112
18
16
14
12
11
133
193
171
11
7
68
7
11
7
4
3
35
6
4
7
197
162
6
18
141
15
13
11
10
71
10
115
20
204
172
15
13
12
106
25
23
22
20
18
79
15
13
135
10
8
6
10
13
41
22
19
113
17
15
41
15
17
81
17
19
20
22
27
22
144
22
19
206
172
15
112
15
10
15
203
170
14
46
7
10
7
21
17
81
16
138
9
14
16
17
16
17
81
207
181
21
19
21
17
143
16
14
48
14
9
107
16
14
13
14
5
195
160
4
8
69
8
104
10
11
13
11
51
18
16
15
13
11
133
8
16
73
8
131
8
11
8
4
96
4
6
4
8
197
163
6
49
16
14
13
11
9
132
9
207
175
18
47
14
13
12
13
25
23
83
20
111
16
200
168
11
9
8
6
9
106
9
5
8
136
10
70
17
12
20
19
48
15
13
12
10
8
131
5
66
5
7
8
7
39
10
105
10
12
16
17
8
198
163
7
104
14
12
42
19
14
23
21
19
204
171
14
12
73
9
7
130
7
9
11
9
11
12
14
12
14
18
19
11
14
11
