10
6
12
21
15
19
8
18
11
14
25
18
22
23
14
20
16
15
17
24
21
19
14
12
18
8
19
15
21
11
13
5
12
6
8
129
7
11
108
16
9
72
13
4
36
13
20
21
15
11
10
126
8
44
5
4
74
4
11
7
5
8
99
12
44
7
15
24
18
84
9
21
14
17
28
114
25
26
141
23
19
30
51
27
24
115
17
15
83
9
22
18
24
14
16
130
14
10
16
87
19
23
136
22
15
111
29
22
57
27
18
24
20
19
21
152
25
23
49
16
115
12
23
19
25
77
17
9
11
5
13
115
16
20
38
19
12
139
26
19
85
24
15
21
17
28
18
56
22
113
15
13
19
7
144
16
84
12
14
4
44
7
9
6
8
12
109
17
10
11
14
129
6
76
21
22
109
12
11
3
9
14
6
129
13
5
43
8
6
71
7
13
43
6
14
23
17
114
8
20
13
16
27
82
24
25
140
22
18
29
19
57
23
21
109
14
82
8
21
17
23
137
15
5
11
7
106
22
47
20
9
19
12
15
26
143
23
86
15
21
17
16
142
25
84
20
15
13
19
40
20
16
22
12
14
99
16
10
136
9
11
15
19
82
13
107
17
8
40
17
24
25
19
139
14
6
12
17
40
8
78
8
15
11
9
12
10
109
10
6
136
21
15
19
8
111
11
76
25
18
53
23
14
20
16
108
17
24
145
19
14
12
18
8
50
15
21
11
13
67
13
7
9
99
8
74
16
17
10
11
45
5
130
14
21
22
78
12
11
3
9
14
6
98
13
5
43
8
6
133
7
13
15
42
17
26
144
24
13
23
16
19
30
85
27
28
112
25
83
20
22
29
26
24
19
141
23
106
24
20
26
16
49
10
136
6
14
23
17
21
8
82
13
16
120
20
24
56
16
22
111
29
19
26
23
21
47
14
20
8
21
79
23
137
15
5
101
2
10
19
13
17
35
16
9
74
23
16
20
21
12
142
14
25
15
84
19
17
43
10
16
97
17
13
143
9
11
1
12
6
8
67
7
11
108
16
9
41
13
4
129
13
20
21
15
42
10
2
101
13
5
4
12
4
11
131
5
8
68
12
13
9
46
24
18
22
11
145
14
79
28
21
118
26
17
23
81
18
20
27
24
22
141
15
21
11
22
111
24
45
16
8
74
8
14
23
17
21
134
20
13
109
27
20
24
25
16
53
18
17
143
26
85
21
16
14
20
103
21
17
23
13
15
38
13
69
15
24
49
22
9
21
14
17
28
145
25
26
110
23
19
30
20
151
24
22
48
15
83
9
22
18
24
107
16
6
11
5
7
128
6
41
14
15
8
9
74
3
97
12
19
20
14
10
9
32
7
12
128
3
73
3
10
6
4
100
5
11
42
5
13
22
16
20
7
112
12
77
26
19
23
24
139
21
110
28
18
25
22
20
77
13
19
7
20
140
22
43
14
4
14
10
16
149
19
54
12
22
15
18
122
22
88
27
18
24
51
19
21
28
25
23
18
78
22
105
23
19
25
15
141
9
12
6
8
98
7
135
15
16
71
10
13
4
5
13
51
21
15
11
10
126
8
75
5
4
105
4
11
7
5
8
37
12
10
6
105
21
15
19
8
49
11
138
25
18
84
23
14
20
16
15
141
24
52
19
14
12
18
70
19
15
21
11
13
98
13
131
15
24
18
22
9
52
14
17
90
21
118
26
17
23
19
30
20
58
24
146
17
15
114
9
22
18
24
14
78
6
43
6
8
5
7
11
15
140
9
10
106
4
5
75
20
21
15
11
10
126
8
13
36
4
12
66
11
7
98
8
6
12
12
6
14
85
17
145
8
20
106
16
27
20
24
25
47
22
80
29
19
26
23
21
16
107
20
39
21
17
23
13
139
5
13
102
15
24
18
22
135
21
45
17
28
21
25
26
17
85
19
18
113
27
24
53
17
15
145
11
22
18
24
14
16
70
13
7
102
6
8
12
16
79
10
42
14
5
130
14
21
22
16
12
104
3
133
14
6
5
13
5
12
39
6
71
7
13
12
6
14
147
17
52
8
20
13
16
120
20
86
25
16
22
18
122
19
26
85
21
16
14
20
8
145
17
23
13
15
36
12
101
14
23
141
21
10
20
13
16
58
20
24
25
16
84
18
17
19
119
23
52
16
14
144
10
21
17
23
13
77
7
15
11
110
26
20
148
13
23
47
19
30
23
27
28
19
87
21
20
22
60
26
148
19
17
23
13
117
20
88
16
18
10
8
2
103
19
13
17
4
47
9
136
23
16
82
21
12
18
14
118
15
22
81
17
12
10
16
4
48
13
19
9
11
125
12
6
70
5
131
11
15
16
9
10
13
97
5
44
20
21
15
73
10
2
101
13
5
4
12
4
135
7
5
8
6
43
14
8
134
7
40
13
17
18
11
105
15
6
7
15
22
85
17
13
136
4
72
15
7
6
14
99
13
9
7
10
8
45
15
133
11
8
41
14
18
19
12
13
16
100
8
16
85
24
18
14
13
36
11
16
101
7
15
131
14
10
70
11
9
15
13
7
15
117
18
22
40
21
14
79
28
21
149
26
17
23
50
30
20
27
24
22
110
15
21
133
22
18
24
14
16
68
9
3
11
113
14
80
5
17
10
13
55
17
145
22
13
19
15
26
16
54
20
18
106
11
141
5
18
14
20
72
12
2
10
6
105
21
15
143
8
18
73
14
25
18
22
23
14
51
16
15
17
117
21
19
138
12
18
70
19
15
52
11
13
5
107
8
10
7
9
13
17
49
11
136
15
6
7
15
84
23
17
44
12
4
72
15
7
6
14
6
106
9
7
10
8
138
12
8
45
23
17
21
10
113
13
78
27
20
148
25
16
22
80
17
19
26
23
145
16
14
20
10
114
17
23
13
15
38
