8
2
10
19
13
17
4
16
9
12
23
16
20
21
12
18
14
25
15
22
19
17
12
10
16
4
17
13
19
9
11
1
139
11
17
26
20
24
75
23
16
19
30
54
27
121
19
25
83
20
22
29
26
24
19
141
23
13
117
20
26
47
18
10
11
129
7
4
68
10
14
15
8
9
105
3
4
12
19
51
14
134
9
1
7
12
4
65
11
3
103
6
35
7
5
11
13
7
133
6
8
12
16
110
10
73
14
5
37
14
21
22
78
12
11
3
9
14
6
98
13
5
43
8
6
133
7
13
105
6
14
23
17
21
8
51
13
140
27
20
24
25
78
22
142
29
19
26
23
21
109
14
20
8
21
79
23
44
15
5
9
65
11
20
14
18
5
48
10
13
148
17
114
22
13
19
15
57
16
23
20
18
75
11
141
5
18
14
20
10
12
95
13
133
15
24
18
22
104
21
45
17
28
21
25
26
17
85
19
18
113
27
24
53
17
15
83
11
22
18
24
14
16
132
8
2
72
19
13
17
4
47
9
136
23
16
113
21
12
18
14
25
46
22
112
17
12
10
16
128
17
13
19
9
11
63
15
133
11
8
103
14
18
19
12
13
16
69
8
16
54
24
18
14
106
5
42
16
8
7
15
69
14
10
8
11
9
139
15
11
17
119
20
24
75
23
16
50
30
23
151
28
19
25
21
20
115
29
57
24
19
17
23
75
24
20
26
16
18
134
11
38
13
22
16
20
133
19
74
15
26
19
23
24
15
114
17
16
18
87
22
20
139
13
50
9
20
16
22
105
14
6
10
128
12
21
15
19
37
18
104
14
25
18
22
23
14
82
16
27
110
24
21
143
14
12
80
6
19
15
21
11
13
34
14
8
10
131
9
13
79
18
42
12
15
6
7
108
22
23
17
13
136
4
41
15
7
6
14
6
13
71
7
103
8
14
12
8
14
54
17
21
72
20
106
16
27
20
24
149
16
22
18
17
19
57
23
83
16
14
113
10
21
17
23
13
139
7
11
5
69
4
130
10
14
15
8
40
12
3
4
12
19
113
14
10
71
1
7
12
4
127
11
34
10
6
97
7
5
11
12
6
70
5
7
104
15
16
133
10
13
4
5
13
20
52
15
11
72
2
8
137
5
4
105
4
11
7
5
8
6
43
11
5
106
22
16
144
7
19
43
15
26
19
23
24
15
83
17
152
18
25
84
20
15
13
19
7
113
16
22
12
14
35
14
103
16
25
19
23
12
53
15
18
153
22
88
27
18
24
20
50
21
28
87
23
18
16
22
12
23
112
25
15
141
9
13
38
15
24
18
22
133
21
107
17
28
21
25
26
17
85
19
61
20
27
148
22
17
15
21
9
115
18
24
14
16
68
11
7
106
22
140
20
9
19
12
46
26
19
23
24
15
83
17
16
18
149
22
51
15
13
19
9
113
16
84
12
14
6
11
129
7
4
99
10
14
15
8
9
74
3
4
12
19
51
14
72
9
1
100
12
4
3
11
3
10
130
4
7
36
11
11
5
13
115
16
144
7
19
12
15
88
19
54
24
15
21
17
152
18
25
22
20
15
44
19
7
113
16
84
12
14
4
46
11
17
26
20
24
75
23
16
112
30
23
27
28
19
149
21
82
22
29
26
24
19
48
23
13
117
20
150
16
18
10
77
9
11
8
10
14
142
19
12
106
16
7
8
16
23
55
18
14
137
5
11
16
8
69
15
100
14
10
39
11
9
15
10
4
136
21
15
50
6
18
73
14
25
18
22
23
14
113
16
89
17
24
145
19
14
12
18
6
19
46
21
11
106
3
13
71
15
24
18
22
11
145
14
17
59
21
118
26
17
23
19
18
20
58
24
22
110
15
21
73
22
18
148
14
16
8
14
10
16
56
19
147
12
22
77
18
29
22
26
27
111
24
51
19
21
28
25
23
18
109
22
12
85
19
25
139
17
9
8
2
72
19
106
17
4
16
9
12
23
47
20
145
12
18
107
25
15
22
19
141
12
10
16
4
79
13
19
9
11
32
9
3
11
144
14
80
5
17
10
13
55
17
114
22
13
19
139
26
16
23
20
18
13
73
17
5
49
14
20
103
12
2
13
38
9
6
8
12
140
17
103
11
14
5
6
14
21
84
16
12
11
127
9
107
6
5
44
5
12
8
6
9
69
13
16
10
105
9
73
15
19
20
13
14
17
39
9
141
24
25
81
15
14
6
12
110
9
8
16
8
15
42
9
12
134
16
73
5
13
22
16
20
7
50
12
108
26
19
23
24
139
21
17
28
49
25
22
113
15
13
143
7
20
16
22
12
14
66
13
7
108
24
142
22
9
21
14
17
28
83
25
57
17
23
19
30
144
27
24
22
17
46
21
102
22
18
86
14
16
6
10
99
12
21
15
19
8
80
11
14
56
18
146
23
14
20
16
15
17
86
21
143
14
12
111
8
19
15
21
11
44
5
135
7
13
22
16
20
9
112
12
15
57
19
23
86
15
21
17
16
49
25
115
20
15
13
19
71
20
16
22
12
14
130
13
69
9
6
132
12
16
17
10
11
14
36
6
14
114
22
16
136
11
3
9
14
99
5
75
5
12
8
6
9
7
44
15
9
11
70
10
138
18
19
43
13
16
7
8
16
116
24
18
14
137
5
11
16
8
38
15
100
14
10
70
11
9
15
11
129
13
22
78
20
7
19
12
15
26
112
23
24
46
21
17
28
111
25
22
51
15
13
143
7
20
16
22
12
14
66
11
98
7
4
130
10
14
15
8
9
12
65
4
12
50
20
14
10
9
125
7
12
35
3
73
3
10
6
4
100
5
11
12
8
138
23
79
21
10
20
13
109
27
20
24
25
16
53
18
79
19
26
23
21
16
107
20
10
145
17
54
13
15
7
