3087
8826
9336
9812
10379
12835
13115
13579
14315
17091
17340
17826
18314
22068
25729
29652
33112
33600
63596
78266
81125
82120
83717
84376
84889
87802
88420
89653
116639
118269
119556
120726
121616
122072
122512
123423
124674
125051
125406
125767
126108
127159
130161
130710
132050
133931
136471
140986
144052
144332
144788
148568
151356
152290
153674
154841
156008
156692
159466
159731
161152
163427
165450
166339
166888
167083
167769
170065
170790
171433
171705
172398
173782
174499
177494
178216
178867
179808
180994
181475
182191
184533
184756
185220
185917
187306
188428
189165
189600
190093
194799
197116
232473
235422
241246
